编译和测试多目标跟踪模块的JNI接口

1. 编译
1.1 编译环境
公司的NVIDIA Jetson Xavier NX (IP(192.168.1.100), Username:Password(sihan:sihan123))
将mot4j包下载到您指定的目录

1.2 编译步骤
$ cd /path/to/mot4j
$ source ./build.sh

2. 测试
$ java test mot.yaml ims

终端出现如下打印信息:
ims/000001.jpg
Empty result
ims/000002.jpg
1, person:
        127.000000 880.000000 273.000000 936.000000
2, person:
        67.000000 1013.000000 234.000000 1075.000000
3, person:
        31.000000 1422.000000 165.000000 1474.000000
4, person:
        35.000000 1601.000000 182.000000 1658.000000
5, person:
        323.000000 983.000000 511.000000 1054.000000
6, person:
        42.000000 1494.000000 183.000000 1548.000000
7, person:
        170.000000 519.000000 328.000000 580.000000
8, person:
        602.000000 62.000000 824.000000 145.000000
9, person:
        612.000000 1129.000000 800.000000 1206.000000
10, person:
        785.000000 1139.000000 1072.000000 1266.000000
11, person:
        255.000000 1580.000000 432.000000 1639.000000
12, person:
        206.000000 1697.000000 377.000000 1762.000000
13, person:
        291.000000 768.000000 464.000000 833.000000
15, person:
        234.000000 321.000000 419.000000 394.000000
16, person:
        598.000000 1365.000000 845.000000 1467.000000
17, person:
        848.000000 1011.000000 1061.000000 1123.000000
18, person:
        311.000000 834.000000 480.000000 899.000000
19, person:
        249.000000 776.000000 394.000000 833.000000
20, person:
        11.000000 936.000000 75.000000 982.000000
21, person:
        181.000000 431.000000 343.000000 498.000000
22, person:
        212.000000 1797.000000 377.000000 1862.000000
23, person:
        7.000000 809.000000 63.000000 849.000000
24, person:
        661.000000 741.000000 863.000000 822.000000
25, person:
        586.000000 1837.000000 782.000000 1896.000000
26, person:
        97.000000 815.000000 258.000000 875.000000
27, person:
        9.000000 884.000000 80.000000 936.000000
28, person:
        208.000000 399.000000 389.000000 476.000000
29, person:
        127.000000 691.000000 277.000000 747.000000